  -1   -1   -1   -1   -1   -1   -1   -1   -1   -1   -1   -1   -1   -1   -1  728   -1   -1   -1   -1  259   -1   -1   -1   -1  233   -1   -1   -1  160   -1   -1   -1   -1   -1   -1   -1   -1   -1   -1   -1   -1   -1   -1   -1   -1   -1 
  -1   -1   -1   -1   -1   -1   -1   -1   -1   -1   -1   -1   -1  864   -1   -1   -1   -1   -1   -1   -1   -1   -1   -1   -1   -1   -1   -1   -1   -1   -1   -1   -1   -1   -1   -1   -1   -1   -1   -1  614   -1   -1   -1   -1   -1   -1 
  -1   -1   -1   -1   -1   -1   -1   -1   -1  293   -1   -1   -1   -1  641   -1  243   -1   -1 1121   -1   -1  643   -1   -1   -1   -1   -1   -1   -1   -1   -1   -1   -1   -1   -1   -1   -1   67  384   -1   -1  839   -1   -1   -1   -1 
  -1   -1   -1   -1   -1   -1   -1   -1   -1   -1   -1   -1   -1   -1   -1   -1   -1   -1   -1   -1   -1  477   -1  187   -1   -1   -1   -1   -1   -1   -1   -1  545   -1   -1  713   -1   -1   -1   -1   -1   -1   -1   -1  526   -1   -1 
  -1   -1   -1   -1   -1   -1   -1   -1   -1   -1   -1   -1   -1  311  765   -1   -1   -1   -1   -1   -1   -1   -1   -1  194   -1   -1   -1   -1   -1  210   -1   -1   -1   -1   -1   -1   -1   -1   -1   -1   -1   -1   -1   -1   -1   -1 
  -1   -1   -1   -1   -1   -1   -1  398   -1   -1   -1   -1   -1   -1   -1   -1   -1   -1   -1   -1   -1   -1   -1   -1   -1   -1   -1   -1   -1  231   -1   -1   -1   -1   -1   -1   -1  292   -1   -1   -1   -1   -1   -1   -1   -1   -1 
  -1   -1   -1   -1   -1   -1   -1   -1   -1   -1   -1   -1   -1   -1   -1  791   -1   -1   -1   -1   -1   -1   -1   -1   -1  244   -1   -1   -1   -1   -1   -1   -1   -1  384   -1   -1  393   -1   -1   -1   -1   -1 1000   -1   -1   -1 
  -1   -1   -1   -1   -1  398   -1   -1   -1   -1   -1   -1   -1   -1   -1   -1  344   -1   -1   -1   -1   -1   -1   -1   -1   -1   -1   -1   -1  628   -1   -1   -1   -1   -1   -1   -1  396   -1  140   -1   -1   -1   -1   -1   -1   -1 
  -1   -1   -1   -1   -1   -1   -1   -1   -1   -1   -1   -1   -1   -1   -1   -1   -1   -1   -1   -1   -1   -1   -1   -1   -1   -1   -1   -1   -1   -1   -1   -1   -1   -1   -1   -1   -1   -1   -1   -1   -1   -1   -1   -1   -1   -1   -1 
  -1   -1  293   -1   -1   -1   -1   -1   -1   -1   -1   -1   -1   -1  350   -1   -1   -1   -1   -1   -1   -1   -1   -1   -1   -1   -1   -1   -1   -1   -1   -1  635   -1   -1   -1   -1   -1  328   -1   -1   -1   -1   -1   -1   -1   -1 
  -1   -1   -1   -1   -1   -1   -1   -1   -1   -1   -1   -1   -1   -1  438   -1   -1   -1   -1   -1   -1   -1   -1   -1   -1   -1   -1   -1   -1   -1   -1   -1   -1   -1   -1   -1   -1   -1   -1   -1   -1   -1   -1   -1   -1   -1   -1 
  -1   -1   -1   -1   -1   -1   -1   -1   -1   -1   -1   -1   -1   -1   -1   -1   -1   -1   -1   -1   -1  308   -1   -1   -1   -1   -1   -1   -1   -1   -1   -1   -1   -1   -1 1030   -1   -1   -1   -1   -1   -1   -1   -1   -1   -1   -1 
  -1   -1   -1   -1   -1   -1   -1   -1   -1   -1   -1   -1   -1   -1   -1   -1   -1   -1   -1   -1   -1   -1   -1   -1   -1   -1   -1   -1   -1   -1   -1  978   -1   -1   -1 1093   -1   -1   -1   -1   -1  480   -1   -1   -1   -1   -1 
  -1   -1   -1   -1  311   -1   -1   -1   -1   -1   -1   -1   -1   -1 1052   -1   -1   -1   -1 1420   -1   -1   -1   -1  409   -1   -1   -1  955   -1   -1   -1   -1   -1   -1   -1   -1   -1   -1   -1 1247   -1  571   -1   -1   -1   -1 
  -1   -1  641   -1  765   -1   -1   -1   -1  350  438   -1   -1 1052   -1   -1   -1   -1   -1   -1   -1   -1   -1   -1  740   -1   -1   -1   -1   -1  655   -1  574   -1   -1   -1   -1   -1   -1   -1   -1   -1  958   -1   -1   -1   -1 
 728   -1   -1   -1   -1   -1  791   -1   -1   -1   -1   -1   -1   -1   -1   -1   -1   -1   -1   -1   -1   -1   -1   -1   -1  695   -1   -1   -1   -1   -1   -1   -1   -1   -1   -1   -1   -1   -1   -1   -1   -1   -1 1545   -1   -1   -1 
  -1   -1  243   -1   -1   -1   -1  344   -1   -1   -1   -1   -1   -1   -1   -1   -1   -1   -1   -1   -1   -1   -1   -1   -1   -1   -1   -1   -1   -1   -1   -1   -1   -1  834   -1   -1  378  201  463   -1   -1   -1   -1 1116   -1   -1 
  -1   -1   -1   -1   -1   -1   -1   -1   -1   -1   -1   -1   -1   -1   -1   -1   -1   -1   -1   -1   -1   -1   -1   -1   -1   -1   -1   -1   -1   -1   -1   -1   -1   -1   -1   -1   -1   -1   -1   -1   -1   -1   -1   -1   -1   -1   -1 
  -1   -1   -1   -1   -1   -1   -1   -1   -1   -1   -1   -1   -1   -1   -1   -1   -1   -1   -1   -1   -1   -1   -1   -1   -1   -1   -1   -1   -1   -1   -1   -1   -1   -1   -1   -1   -1   -1   -1   -1   -1   -1   -1   -1   -1  594   -1 
  -1   -1 1121   -1   -1   -1   -1   -1   -1   -1   -1   -1   -1 1420   -1   -1   -1   -1   -1   -1   -1   -1   -1   -1   -1   -1   -1   -1   -1   -1   -1   -1   -1   -1   -1   -1  333   -1   -1  755   -1   -1  875   -1   -1   -1    6 
 259   -1   -1   -1   -1   -1   -1   -1   -1   -1   -1   -1   -1   -1   -1   -1   -1   -1   -1   -1   -1   -1   -1   -1   -1   93   -1   -1   -1  300   -1   -1   -1   -1   -1   -1   -1  468   -1   -1   -1   -1   -1   -1   -1   -1   -1 
  -1   -1   -1  477   -1   -1   -1   -1   -1   -1   -1  308   -1   -1   -1   -1   -1   -1   -1   -1   -1   -1   -1  288   -1   -1   -1   -1   -1   -1   -1   -1   -1   -1   -1  919   -1   -1   -1   -1   -1   -1   -1   -1   -1   -1   -1 
  -1   -1  643   -1   -1   -1   -1   -1   -1   -1   -1   -1   -1   -1   -1   -1   -1   -1   -1   -1   -1   -1   -1   -1   -1   -1   -1   -1   -1   -1   -1   -1   -1   -1   -1   -1   -1   -1   -1   -1   -1   -1  230   -1   -1   -1   -1 
  -1   -1   -1  187   -1   -1   -1   -1   -1   -1   -1   -1   -1   -1   -1   -1   -1   -1   -1   -1   -1  288   -1   -1   -1   -1   -1   -1   -1   -1   -1   -1  478   -1   -1   -1   -1   -1   -1   -1   -1   -1   -1   -1   -1   -1   -1 
  -1   -1   -1   -1  194   -1   -1   -1   -1   -1   -1   -1   -1  409  740   -1   -1   -1   -1   -1   -1   -1   -1   -1   -1   -1   -1   -1   -1   -1   -1   -1   -1   -1   -1   -1   -1   -1   -1   -1   -1   -1   -1   -1   -1   -1   -1 
 233   -1   -1   -1   -1   -1  244   -1   -1   -1   -1   -1   -1   -1   -1  695   -1   -1   -1   -1   93   -1   -1   -1   -1   -1   -1   -1   -1   -1   -1   -1   -1   -1   -1   -1   -1  432   -1   -1   -1   -1   -1   -1   -1   -1   -1 
  -1   -1   -1   -1   -1   -1   -1   -1   -1   -1   -1   -1   -1   -1   -1   -1   -1   -1   -1   -1   -1   -1   -1   -1   -1   -1   -1   -1   -1   -1   -1   -1   -1   -1   -1   -1   -1   -1   -1   -1   -1   -1   -1   -1   -1   -1   -1 
  -1   -1   -1   -1   -1   -1   -1   -1   -1   -1   -1   -1   -1   -1   -1   -1   -1   -1   -1   -1   -1   -1   -1   -1   -1   -1   -1   -1   -1   -1   -1   -1   -1   -1  435   -1   -1   -1   -1   -1   -1   -1   -1   -1  470   -1   -1 
  -1   -1   -1   -1   -1   -1   -1   -1   -1   -1   -1   -1   -1  955   -1   -1   -1   -1   -1   -1   -1   -1   -1   -1   -1   -1   -1   -1   -1   -1   -1   -1   -1   -1   -1   -1   -1   -1   -1   -1   -1   -1   -1   -1   -1   -1   -1 
 160   -1   -1   -1   -1  231   -1  628   -1   -1   -1   -1   -1   -1   -1   -1   -1   -1   -1   -1  300   -1   -1   -1   -1   -1   -1   -1   -1   -1   -1   -1   -1   -1   -1   -1   -1  472   -1   -1   -1   -1   -1   -1   -1   -1   -1 
  -1   -1   -1   -1  210   -1   -1   -1   -1   -1   -1   -1   -1   -1  655   -1   -1   -1   -1   -1   -1   -1   -1   -1   -1   -1   -1   -1   -1   -1   -1   -1   -1   -1   -1   -1   -1   -1   -1   -1   -1   -1   -1   -1   -1   -1   -1 
  -1   -1   -1   -1   -1   -1   -1   -1   -1   -1   -1   -1  978   -1   -1   -1   -1   -1   -1   -1   -1   -1   -1   -1   -1   -1   -1   -1   -1   -1   -1   -1   -1   -1   -1 1952   -1   -1   -1   -1   -1  522   -1   -1   -1   -1   -1 
  -1   -1   -1  545   -1   -1   -1   -1   -1  635   -1   -1   -1   -1  574   -1   -1   -1   -1   -1   -1   -1   -1  478   -1   -1   -1   -1   -1   -1   -1   -1   -1   -1   -1   -1   -1   -1  645   -1   -1   -1   -1   -1  784   -1   -1 
  -1   -1   -1   -1   -1   -1   -1   -1   -1   -1   -1   -1   -1   -1   -1   -1   -1   -1   -1   -1   -1   -1   -1   -1   -1   -1   -1   -1   -1   -1   -1   -1   -1   -1   -1   -1   -1   -1   -1   -1  624   -1   -1   -1   -1   -1   -1 
  -1   -1   -1   -1   -1   -1  384   -1   -1   -1   -1   -1   -1   -1   -1   -1  834   -1   -1   -1   -1   -1   -1   -1   -1   -1   -1  435   -1   -1   -1   -1   -1   -1   -1   -1   -1  598   -1   -1   -1   -1   -1   -1  919   -1   -1 
  -1   -1   -1  713   -1   -1   -1   -1   -1   -1   -1 1030 1093   -1   -1   -1   -1   -1   -1   -1   -1  919   -1   -1   -1   -1   -1   -1   -1   -1   -1 1952   -1   -1   -1   -1   -1   -1   -1   -1   -1   -1   -1   -1  855   -1   -1 
  -1   -1   -1   -1   -1   -1   -1   -1   -1   -1   -1   -1   -1   -1   -1   -1   -1   -1   -1  333   -1   -1   -1   -1   -1   -1   -1   -1   -1   -1   -1   -1   -1   -1   -1   -1   -1   -1   -1   -1   -1   -1   -1   -1   -1   -1   -1 
  -1   -1   -1   -1   -1  292  393  396   -1   -1   -1   -1   -1   -1   -1   -1  378   -1   -1   -1  468   -1   -1   -1   -1  432   -1   -1   -1  472   -1   -1   -1   -1  598   -1   -1   -1   -1   -1   -1   -1   -1   -1   -1   -1   -1 
  -1   -1   67   -1   -1   -1   -1   -1   -1  328   -1   -1   -1   -1   -1   -1  201   -1   -1   -1   -1   -1   -1   -1   -1   -1   -1   -1   -1   -1   -1   -1  645   -1   -1   -1   -1   -1   -1   -1   -1   -1   -1   -1 1222   -1   -1 
  -1   -1  384   -1   -1   -1   -1  140   -1   -1   -1   -1   -1   -1   -1   -1  463   -1   -1  755   -1   -1   -1   -1   -1   -1   -1   -1   -1   -1   -1   -1   -1   -1   -1   -1   -1   -1   -1   -1   -1   -1   -1   -1   -1   -1   -1 
  -1  614   -1   -1   -1   -1   -1   -1   -1   -1   -1   -1   -1 1247   -1   -1   -1   -1   -1   -1   -1   -1   -1   -1   -1   -1   -1   -1   -1   -1   -1   -1   -1  624   -1   -1   -1   -1   -1   -1   -1   -1   -1   -1   -1   -1   -1 
  -1   -1   -1   -1   -1   -1   -1   -1   -1   -1   -1   -1  480   -1   -1   -1   -1   -1   -1   -1   -1   -1   -1   -1   -1   -1   -1   -1   -1   -1   -1  522   -1   -1   -1   -1   -1   -1   -1   -1   -1   -1   -1   -1   -1   -1   -1 
  -1   -1  839   -1   -1   -1   -1   -1   -1   -1   -1   -1   -1  571  958   -1   -1   -1   -1  875   -1   -1  230   -1   -1   -1   -1   -1   -1   -1   -1   -1   -1   -1   -1   -1   -1   -1   -1   -1   -1   -1   -1   -1   -1   -1   -1 
  -1   -1   -1   -1   -1   -1 1000   -1   -1   -1   -1   -1   -1   -1   -1 1545   -1   -1   -1   -1   -1   -1   -1   -1   -1   -1   -1   -1   -1   -1   -1   -1   -1   -1   -1   -1   -1   -1   -1   -1   -1   -1   -1   -1   -1   -1   -1 
  -1   -1   -1  526   -1   -1   -1   -1   -1   -1   -1   -1   -1   -1   -1   -1 1116   -1   -1   -1   -1   -1   -1   -1   -1   -1   -1  470   -1   -1   -1   -1  784   -1  919  855   -1   -1 1222   -1   -1   -1   -1   -1   -1   -1   -1 
  -1   -1   -1   -1   -1   -1   -1   -1   -1   -1   -1   -1   -1   -1   -1   -1   -1   -1  594   -1   -1   -1   -1   -1   -1   -1   -1   -1   -1   -1   -1   -1   -1   -1   -1   -1   -1   -1   -1   -1   -1   -1   -1   -1   -1   -1   -1 
  -1   -1   -1   -1   -1   -1   -1   -1   -1   -1   -1   -1   -1   -1   -1   -1   -1   -1   -1    6   -1   -1   -1   -1   -1   -1   -1   -1   -1   -1   -1   -1   -1   -1   -1   -1   -1   -1   -1   -1   -1   -1   -1   -1   -1   -1   -1 
